_C_7cce6dde_0 8c 0 1c8 0 0 670a4040 0 7468696e 0 20616e79 0 73686f77 0 6e277420 0 2c206361 0 65736574 0 61742072 0 494c4c20 0 6d205354 0 79737465 0 203a2053 0 20202574 0 400a4040 0 40 
_C_5fc6021f_0 94 0 50 0 0 0 0 0 0 0 
_C_bd2e2a03_0 84 0 40 0 0 0 0 0 
_C_4f9f3ac8_0 84 0 40 0 ffffffff ffffffff ffffffff ffffffff 
_C_e1bac5b8_0 94 0 58 0 0 0 0 0 0 0 
_C_69f8e42_0 cc 0 20 0 0 20 
_C_7a03d75f_0 94 0 40 0 0 4 0 0 
_C_b169b91b_0 9c 0 20 0 3ff00000 
_C_cc974be_0 94 0 40 0 0 0 0 0 
_C_994c1a67_0 8c 0 158 0 0 74696f6e 0 74727563 0 20696e73 0 6c5f4932 0 6c656761 0 6e20696c 0 6564206f 0 68616c74 0 74656d20 0 20537973 0 404040 
_C_80c14680_0 8c 0 158 0 0 74696f6e 0 74727563 0 20696e73 0 6c5f4931 0 6c656761 0 6e20696c 0 6564206f 0 68616c74 0 74656d20 0 20537973 0 404040 
_C_2215d437_0 9c 0 20 0 403e0000 
_C_9c1ff68a_0 8c 0 18 0 0 404040 
_C_e8ed2e8a_0 84 0 58 0 0 0 0 0 0 0 
_C_e15c337c_0 94 0 40 0 0 8 0 0 
_C_1d64d4c_0 cc 0 5c0 0 0 6c637943 0 50203a65 0 6e692043 0 20317473 0 4350207c 0 736e6920 0 7c203274 0 20202020 0 20315352 0 207c2020 0 52202020 0 20203253 0 207c2020 0 53522020 0 20202033 0 2020207c 0 34535220 0 7c202020 0 52202020 0 20203553 0 20207c20 0 53522020 0 20202036 0 20207c20 0 58452020 0 20202031 0 20207c20 0 32584520 0 7c202020 0 45202020 0 20203358 0 20207c20 0 58452020 0 20202034 0 20207c20 0 58452020 0 20202035 0 20207c20 0 36584520 0 7c202020 0 52202020 0 2031426f 0 207c2020 0 6f522020 0 20203242 0 207c20 
_C_9df2a30d_0 8c 0 1d8 0 0 68743a20 0 20726967 0 6c206f6e 0 63696d61 0 2c206465 0 6c656674 0 206f6e20 0 20686578 0 656e7473 0 636f6e74 0 6f727920 0 204d656d 0 66696564 0 20556e69 0 404040 
_C_a0fb0532_0 94 0 20 0 0 4e20 
_C_6675db5e_0 8c 0 b8 0 0 20253064 0 2578203a 0 5d203d20 0 5b253564 0 206d656d 0 404040 
_C_b38161de_0 8c 0 60 0 0 2e6d656d 0 72616d32 0 70726f67 
_C_8d9e127d_0 8c 0 60 0 0 2e6d656d 0 72616d31 0 70726f67 
_C_bcc77ce2_0 94 0 20 0 0 3e8 
_C_2af16800_0 8c 0 150 0 0 65202578 0 20636f64 0 72726f72 0 776e2065 0 6e6b6e6f 0 6f6e2075 0 74656420 0 2068616c 0 7374656d 0 40205379 0 4040 
_C_a94899ee_0 cc 0 3c0 0 0 20202020 0 20202020 0 20202020 0 20202020 0 20202020 0 20202020 0 20202020 0 20202020 0 20202020 0 20202020 0 20202020 0 20202020 0 20202020 0 20202020 0 20202020 0 20202020 0 20202020 0 20202020 0 20202020 0 9090909 0 9090909 0 9090909 0 9090909 0 9090909 0 9090909 0 9090909 0 4d2d4409 0 42204d45 0 26207375 0 a 
_C_2ce2f7a4_0 8c 0 130 0 0 a40400a 0 63757465 0 20657865 0 6520746f 0 2074696d 0 6f74616c 0 6e732074 0 2e326620 0 20202534 0 4040 
_C_97c1bb32_0 94 0 20 0 0 1fff 
_C_c0c895eb_0 8c 0 c8 0 0 640a4040 0 616c7465 0 656d2068 0 53797374 0 74203a20 0 40202025 0 40 
_C_7d5f51db_0 8c 0 150 0 0 2e2e2e2e 0 65742e2e 0 20726573 0 7374656d 0 67205379 0 7274696e 0 41737365 0 25742020 0 40402020 0 a40400a 0 4040 
_C_540e3aa_0 94 0 e0 0 0 0 0 0 0 0 0 0 0 0 0 0 0 0 
_C_99e1b38c_0 8c 0 70 0 0 2e6f7574 0 61636b31 0 69746562 0 7772 
_C_e9f62de9_0 8c 0 70 0 0 2e6f7574 0 61636b32 0 69746562 0 7772 
_C_98d1798b_0 84 0 4 0 0 0 
_C_44c09dab_0 84 0 5 0 0 0 
_C_2433ac7c_0 84 0 6 0 0 0 
_C_f822485c_0 84 0 7 0 0 0 
_C_479f0177_0 84 0 2 0 0 3 
_C_59371a25_0 84 0 2 0 0 0 
_C_8526fe05_0 84 0 3 0 0 0 
_C_b93e5dac_0 8c 0 140 0 0 74696f6e 0 74727563 0 20696e73 0 545f4931 0 2048414c 0 64206f6e 0 616c7465 0 656d2068 0 53797374 0 40404020 
_C_72689fb2_0 8c 0 140 0 0 74696f6e 0 74727563 0 20696e73 0 545f4932 0 2048414c 0 64206f6e 0 616c7465 0 656d2068 0 53797374 0 40404020 
_C_5b7f5f87_0 94 0 40 0 0 4e20 0 0 
_C_1b51c6f_0 94 0 20 0 0 5208 
_C_a22e86c5_0 8c 0 30 0 0 400a4040 0 4040 
_C_15060b01_0 84 0 10 0 0 0 
_C_c3280741_0 8c 0 160 0 0 400a4040 0 2e2e0a40 0 2e2e2e2e 0 65736574 0 656d2072 0 53797374 0 696e6720 0 73657274 0 44656173 0 25742020 0 40402020 
_C_c0a91cbf_0 8c 0 50 0 0 202d2d2d 0 3d25782c 0 5043 
_C_197c2a18_0 8c 0 88 0 0 5d3d2578 0 475b2564 0 2c205245 0 433d2578 0 50 
_C_86b78751_0 84 0 5 0 0 1f 
_C_b35bc3_0 84 0 20 0 0 0 
_C_81e9695e_0 84 0 23 0 0 0 0 0 
_C_6124b81d_0 84 0 30 0 0 0 0 0 
_C_351a8780_0 94 0 20 0 0 0 
_C_7c6b2f12_0 8c 0 108 0 0 72726f72 0 72792065 0 6d656d6f 0 206f6e20 0 6c746564 0 6d206861 0 79737465 0 40402053 0 40 
_C_348b4302_0 84 0 3f 0 0 0 0 0 
_C_19d3c995_0 84 0 38 0 0 0 0 0 
_C_36fc95e8_0 8c 0 138 0 0 490a4040 0 66204350 0 203d2025 0 73747273 0 6420696e 0 2f202530 0 6c657320 0 20637963 0 20253064 0 404020 
_C_cbe489e2_0 84 0 40 0 0 4 0 0 
